9999999999999999
9999999800000000
9999999799999999
9999999600000003
9999999400000008
9999999400000007
9999999200000015
9999999000000024
9999999000000023
9999998800000035
9999998600000048
9999998600000047
9999998400000063
9999998200000080
9999998200000079
9999998000000099
9999997800000120
9999997800000119
9999997600000143
9999997400000168
9999997400000167
9999997200000195
9999997000000224
9999997000000223
9999996800000255
9999996600000288
9999996600000287
9999996400000323
9999996200000360
9999996200000359
9999996000000399
9999995800000440
9999995800000439
9999995600000483
9999995400000528
9999995400000527
9999995200000575
9999995000000624
9999995000000623
9999994800000675
9999994600000728
9999994600000727
9999994400000783
9999994200000840
9999994200000839
9999994000000899
9999993800000960
9999993800000959
9999993600001023
9999993400001088
9999993400001087
9999993200001155
9999993000001224
9999993000001223
9999992800001295
9999992600001368
9999992600001367
9999992400001443
9999992200001520
9999992200001519
9999992000001599
9999991800001680
9999991800001679
9999991600001763
9999991400001848
9999991400001847
9999991200001935
9999991000002024
9999991000002023
9999990800002115
9999990600002208
9999990600002207
9999990400002303
9999990200002400
9999990200002399
9999990000002499
9999989800002600
9999989800002599
9999989600002703
9999989400002808
9999989400002807
9999989200002915
9999989000003024
9999989000003023
9999988800003135
9999988600003248
9999988600003247
9999988400003363
9999988200003480
9999988200003479
9999988000003599
9999987800003720
9999987800003719
9999987600003843
9999987400003968
9999987400003967
9999987200004095
9999987000004224
9999987000004223
9999986800004355
9999986600004488
9999986600004487
9999986400004623
9999986200004760
9999986200004759
9999986000004899
9999985800005040
9999985800005039
9999985600005183
9999985400005328
9999985400005327
9999985200005475
9999985000005624
9999985000005623
9999984800005775
9999984600005928
9999984600005927
9999984400006083
9999984200006240
9999984200006239
9999984000006399
9999983800006560
9999983800006559
9999983600006723
9999983400006888
9999983400006887
9999983200007055
9999983000007224
9999983000007223
9999982800007395
9999982600007568
9999982600007567
9999982400007743
9999982200007920
9999982200007919
9999982000008099
9999981800008280
9999981800008279
9999981600008463
9999981400008648
9999981400008647
9999981200008835
9999981000009024
9999981000009023
9999980800009215
9999980600009408
9999980600009407
9999980400009603
9999980200009800
9999980200009799
